一 11
乙 11
丁 13
了 13
厂 14
乃 14
刀 14
又 14
卜 21 51
十 31
七 31
九 32
力 32
儿 42
人 43
入 43
八 43
几 44
三 11 11 11
亏 11 13
飞 11 43
万 11 44
习 12
弓 12 21
己 12 21
已 12 21
尸 12 41
卫 13 11
下 13 51
刃 14 51
叉 14 51
及 14 51
子 15
工 15
于 15
干 15
与 21 11 11
上 22 11
山 22 21
巾 23 21
口 24
也 31 21
才 31 41
寸 31 51
土 32
士 32
丸 32 51
大 34
丈 34
乞 41 11 11
千 41 31
么 41 43
亿 42 11
川 42 21
个 43 21
乡 43 41
女 44
夕 44
勺 44 51
久 44 51
凡 44 51
马 45 11
亡 51 13
广 51 14
门 51 23
义 51 43
之 53
小 54
丰 11 11 31
元 11 11 42
云 11 11 43
专 11 31 51
书 11 31 51
丑 11 32
井 11 33
开 11 33
夫 11 34
天 11 34
无 11 34
互 11 44 11
瓦 11 44 51
巴 12 21 21
引 12 21 21
尺 12 43
巨 13 12
五 13 12
牙 13 21 41
匹 13 42
区 13 43
不 13 43
厅 14 13
予 14 13
双 14 14
劝 14 32
历 14 32
王 15
孔 15 21
比 21 11 42
止 21 22 11
以 21 51 43
水 21 53
月 23 11 11
内 23 43
冈 23 43
丹 23 51 11
中 24 21
日 25
见 25 42
贝 25 43
扎 31 11 21
支 31 14
切 31 14
屯 31 22
友 32 14
队 32 43
办 32 52
艺 33 11
木 34
尤 34 51
太 34 51
犬 34 51
车 35
气 41 11 11
手 41 11 31
毛 41 11 31
午 41 15
片 41 22 11
币 41 23 21
长 41 31 51
升 41 33
斤 41 41 13
反 41 41 14
爪 41 41 21
乏 41 53
仁 42 11 11
仍 42 14
仅 42 14
仆 42 21 51
什 42 31
仇 42 32
氏 42 32
化 42 42
幻 43 11
仓 43 13
分 43 14
凶 43 22
介 43 42
允 43 42
父 43 43
从 43 43
公 43 43
今 43 51 11
凤 44 14
勿 44 41 41
勾 44 43
风 44 43
匀 44 52
欠 45
牛 45
乌 45 11
文 51 11 43
方 51 11 44
户 51 12 41
为 51 32 51
订 52 13
计 52 31
斗 52 31
认 52 43
火 54
忆 54 11
少 54 41
六 55
心 55
司 11 11 24
丙 11 23 43
击 11 31 22
末 11 34
未 11 34
灭 11 54
民 12 21 32
尼 12 41 42
正 13 11 22
可 13 24
辽 13 53
厉 14 11 44
矛 14 13 41
孕 14 15
皮 14 21 14
召 14 24
对 14 31 51
圣 14 32
巧 15 13
刊 15 21 21
功 15 32
玉 15 51
平 15 52
占 21 11 24
北 21 11 42
旧 21 25
归 21 41 12
发 21 41 14
帅 21 41 23
卡 22 11 21
出 22 21 22
且 23 11 11
用 23 11 31
甩 23 11 31
写 23 21 11
册 23 23 11
央 23 34
叼 24 11 11
号 24 13
叮 24 13
叨 24 14
叹 24 14
叫 24 21 21
叶 24 31
另 24 32
兄 24 42
四 24 42
史 24 43
只 24 43
田 25
目 25
旦 25 11
甲 25 21
申 25 21
电 25 21
由 25 21
打 31 11 13
扔 31 11 14
扒 31 11 43
扑 31 21 51
古 31 24
左 32 15
布 32 23 21
右 32 24
加 32 24
去 32 43
边 32 53
东 32 54
甘 33 11 11
世 33 11 21
节 33 13
本 34 11
龙 34 41 51
术 34 51
石 35
轧 35 21
生 41 11 32
失 41 11 34
白 41 25
禾 41 34
斥 41 41 13
瓜 41 41 21
乎 41 52 31
印 42 11 13
仔 42 15
丘 42 15
仙 42 22 21
他 42 31 21
付 42 31 51
代 42 32 51
仗 42 34
们 42 51 23
仪 42 51 43
乐 42 54
纠 43 21 21
台 43 24
幼 43 32
丝 43 43 11
丛 43 43 11
令 43 51 14
母 44 11 52
包 44 12 21
奶 44 14
奴 44 14
饥 44 21 44
外 44 21 51
句 44 24
匆 44 41 43
处 44 51 21
务 44 51 32
冬 44 51 52
犯 45 13
鸟 45 51 11
永 51 11 53
市 51 13 23
主 51 15
宁 51 23 13
它 51 23 42
穴 51 23 43
闪 51 23 43
兰 52 11 11
半 52 11 31
讯 52 11 31
记 52 12 21
让 52 22 11
讨 52 31 51
头 52 34
训 52 42 21
议 52 51 43
汇 53 13
汉 53 14
汁 53 31
业 54 11
示 55
立 55 11
礼 55 21
必 55 41
而 11 23 21
页 11 25 43
迅 11 31 53
刑 11 33 21
百 11 41 25
西 11 42 24
至 11 43 32
动 11 43 32
列 11 44 21
死 11 44 42
迈 11 44 53
买 11 52 34
寻 12 11 31
羽 12 12
导 12 21 31
异 12 21 33
尽 12 43 52
臣 13 21 12
邪 13 21 32
匠 13 41 13
那 14 11 32
观 14 25 42
压 14 32 51
厌 14 34 51
戏 14 34 51
欢 14 45
耳 15
亚 15 21 52
再 15 23
巩 15 44 51
孙 15 54
师 21 13 23
收 21 21 45
此 21 22 42
贞 21 25 43
毕 21 42 31
岂 22 12 21
屿 22 21 11
岁 22 21 44
同 23 11 24
肌 23 11 44
军 23 35
农 23 42 43
刚 23 43 21
肉 23 43 43
网 23 43 43
帆 23 44 51
吓 24 13 51
吸 24 14 51
吊 24 23 21
回 24 24
团 24 31 41
吐 24 32
因 24 34
吃 24 41 11
吗 24 45 11
曲 25 21 21
早 25 31
则 25 43 21
扛 31 11 15
扣 31 11 24
扬 31 11 41
扫 31 12 11
执 31 32 51
协 31 32 52
托 31 41 31
扩 31 51 14
过 31 51 53
场 32 11 41
圾 32 14 51
式 32 15 51
存 32 21 15
在 32 21 32
有 32 23 11
阴 32 23 11
吉 32 24
阳 32 25
地 32 31 21
寺 32 31 51
杂 32 34
阵 32 35
考 32 41 21
老 32 41 42
阶 32 43 42
防 32 51 44
灰 32 54
共 33 11 43
芒 33 51 13
芝 33 53
夸 34 11 13
朽 34 13
权 34 14
朴 34 21 51
夺 34 31 51
机 34 44
划 34 51 21
夹 34 52 11
达 34 53
米 35
成 35 11 51
轨 35 32
后 41 11 24
朱 41 11 34
年 41 13 13
竹 41 13 41
血 41 23 21
向 41 23 24
舟 41 23 52
自 41 25
舌 41 31 24
迁 41 31 53
先 41 32 42
丢 41 32 43
乔 41 34 42
巡 41 41 53
行 42 11 13
伟 42 11 31
伍 42 13 12
乒 42 15 41
乓 42 15 51
似 42 21 43
延 42 22 14
旨 42 25
传 42 31 51
休 42 34
伏 42 34 51
优 42 34 51
伐 42 34 51
任 42 41 32
伤 42 41 32
仰 42 42 13
华 42 42 31
份 42 43 14
价 42 43 42
件 42 45
伪 42 51 32
仿 42 51 44
兆 42 53
伙 42 54
红 43 11 15
合 43 11 24
会 43 11 43
纪 43 12 21
创 43 13 21
级 43 14 51
全 43 15
企 43 21 22
杀 43 34
纤 43 41 31
爷 43 43 13
众 43 43 43
约 43 44 51
伞 43 52 31
妇 44 12 11
色 44 12 21
争 44 12 31
危 44 14 13
好 44 15
奸 44 15
如 44 24
名 44 24
旬 44 25
负 44 25 43
她 44 31 21
朵 44 34
多 44 44
妈 44 45 11
各 44 51 24
虫 45
驰 45 31 21
亦 51 11 54
妄 51 13 44
庄 51 14 32
庆 51 14 34
字 51 23 15
宇 51 23 15
问 51 23 24
闭 51 23 31
守 51 23 31
宅 51 23 41
安 51 23 44
闯 51 23 45
衣 51 42 43
刘 51 43 21
齐 51 43 42
充 51 43 42
并 52 11 33
讲 52 11 33
关 52 11 34
决 52 12 43
羊 52 15
壮 52 21 32
冰 52 21 53
冲 52 24 21
许 52 41 15
论 52 43 42
设 52 44 14
讽 52 44 43
次 52 45
访 52 51 44
污 53 11 13
汤 53 11 41
兴 53 11 43
汗 53 15
江 53 15
池 53 31 21
州 53 42 21
光 54 11 42
当 54 12 11
灯 54 13
尘 54 32
尖 54 34
劣 54 41 32
忙 54 51 13
产 55 14
交 55 43
丽 11 23 23
两 11 23 43
豆 11 24 52
更 11 25 43
违 11 31 53
寿 11 32 31
麦 11 32 44
形 11 33 41
进 11 33 53
吞 11 34 24
来 11 35
远 11 42 53
运 11 43 53
歼 11 44 41
层 12 11 43
灵 12 11 54
即 12 21 13
改 12 21 45
忌 12 21 55
君 12 32 24
张 12 41 31
尾 12 41 31
尿 12 41 53
迟 12 43 53
局 12 44 24
医 13 35
否 13 43 24
还 13 43 53
辰 14 13 43
序 14 14 13
劲 14 15 32
励 14 44 32
鸡 14 45 11
忍 14 51 55
贡 15 25 43
弄 15 33
攻 15 45
严 15 52 41
坚 21 14 32
步 21 22 53
岗 22 23 43
肝 23 11 15
肚 23 11 32
助 23 11 32
肠 23 11 41
完 23 11 42
县 23 11 43
删 23 23 21
宏 23 32 43
帐 23 41 31
究 23 43 32
穷 23 43 32
围 24 11 31
吴 24 11 34
园 24 11 42
吧 24 12 21
呀 24 13 21
呈 24 15
吼 24 15 21
足 24 21 43
串 24 24 21
员 24 25 43
吨 24 31 22
别 24 32 21
困 24 34
呆 24 34
听 24 41 13
吩 24 43 14
吹 24 45
呜 24 45 11
吵 24 54 41
盯 25 13
旱 25 15
邮 25 21 32
时 25 31 51
里 25 32
男 25 32
财 25 43 31
旷 25 51 14
扭 31 11 32
扶 31 11 34
抚 31 11 34
把 31 12 21
拒 31 13 12
报 31 13 14
扯 31 21 22
批 31 21 42
克 31 24 42
技 31 31 14
抛 31 32 32
找 31 34 51
扰 31 34 51
折 31 41 13
抓 31 41 21
抢 31 43 13
扮 31 43 14
投 31 44 14
护 31 51 12
抗 31 51 44
抖 31 52 31
求 31 53 51
抄 31 54 41
坛 32 11 43
声 32 12 41
块 32 12 43
阿 32 13 24
坏 32 13 43
址 32 21 22
走 32 21 43
阻 32 23 11
壳 32 23 44
坝 32 25 43
陆 32 31 22
陈 32 32 54
孝 32 41 15
附 32 42 31
却 32 43 13
劫 32 43 32
均 32 44 52
坟 32 51 43
坑 32 51 44
坊 32 51 44
赤 32 54
志 32 55
际 32 55
芽 33 13 21
劳 33 23 32
苏 33 32 52
芹 33 41 13
花 33 42 42
苍 33 43 13
芬 33 43 14
芦 33 51 12
芳 33 51 44
杨 34 11 41
极 34 14 51
李 34 15
杆 34 15
杠 34 15
杏 34 24
束 34 24
材 34 31 41
村 34 31 51
杜 34 32
戒 34 33 51
钉 35 13
针 35 31
连 35 53
近 41 13 53
返 41 14 53
身 41 23 11
乱 41 24 21
皂 41 25 31
我 41 31 34
告 41 32 24
秀 41 34 14
利 41 34 21
私 41 34 43
秃 41 34 44
系 41 43 54
每 41 44 52
妥 41 53 44
佛 42 12 42
何 42 13 24
迎 42 13 53
兵 42 15 43
佣 42 23 31
但 42 25 11
伸 42 25 21
彻 42 31 14
估 42 31 24
体 42 34 11
作 42 41 13
伯 42 41 25
低 42 42 32
伶 42 43 14
役 42 44 14
你 42 44 54
卵 42 51 13
住 42 51 15
伴 42 52 31
位 42 55 11
纽 43 11 32
岔 43 14 22
邻 43 14 32
余 43 15 43
纳 43 23 43
纲 43 23 43
纯 43 31 22
希 43 32 23
纸 43 42 32
纷 43 43 14
谷 43 43 24
坐 43 43 32
纵 43 43 43
含 43 51 24
纹 43 51 43
纺 43 51 44
纱 43 54 41
努 44 14 32
饮 44 21 45
角 44 23 31
饭 44 41 14
妖 44 41 34
条 44 51 34
妨 44 51 44
妙 44 54 41
驱 45 13 43
狂 45 15
龟 45 31
犹 45 34 51
免 45 42
驳 45 43 43
驴 45 51 12
岛 45 51 22
亩 51 11 25
启 51 12 24
良 51 12 43
忘 51 13 55
床 51 14 34
库 51 14 35
应 51 14 53
间 51 23 25
闲 51 23 34
宋 51 23 34
牢 51 23 45
灾 51 23 54
闷 51 23 55
弃 51 43 33
这 51 43 53
词 52 11 24
弟 52 12 21
证 52 13 22
译 52 14 31
评 52 15 52
状 52 21 34
言 52 24
况 52 24 42
识 52 24 43
判 52 32 21
冻 52 32 54
诉 52 41 13
冷 52 43 14
冶 52 43 24
诊 52 43 41
汪 53 15
沈 53 23 42
沉 53 23 44
汽 53 41 11
沃 53 41 34
泛 53 41 53
没 53 44 14
沟 53 44 43
沙 53 54 41
快 54 12 43
怀 54 13 43
灿 54 22 21
灶 54 32
忧 54 34 51
疗 55 13
初 55 14
辛 55 15
补 55 21 51
社 55 32
画 11 25 22
武 11 32 22
青 11 32 23
奉 11 34 31
录 12 21 53
屈 12 22 22
刷 12 23 21
届 12 25 21
建 12 31 14
居 12 31 24
肃 12 31 42
隶 12 31 53
弦 12 51 43
房 12 51 44
顶 13 11 25
卧 13 12 21
雨 13 23 53
欧 13 43 45
艰 14 12 43
废 14 21 14
店 14 21 24
厕 14 25 21
府 14 42 31
底 14 42 32
玩 15 11 42
承 15 11 53
环 15 13 43
取 15 14
孟 15 23 21
现 15 25 42
孤 15 41 21
非 21 11 21
顷 21 11 25
肾 21 14 23
贤 21 14 25
肯 21 22 23
凯 22 12 44
岸 22 14 15
岩 22 21 35
些 22 42 11
岭 22 43 14
齿 22 43 22
叔 22 54 14
朋 23 11 23
肤 23 11 34
具 23 11 43
官 23 12 12
肥 23 12 21
服 23 13 14
闹 23 13 23
定 23 13 43
帖 23 21 24
肿 23 24 21
帜 23 24 43
肢 23 31 14
肺 23 31 23
周 23 32 24
胁 23 32 52
典 23 33 43
胀 23 41 31
空 23 43 15
帘 23 43 23
股 23 44 14
实 23 52 34
味 24 11 34
呢 24 12 42
国 24 15 51
忠 24 21 55
固 24 31 24
呼 24 41 52
咐 24 42 31
图 24 44 52
鸣 24 45 11
咏 24 51 53
畅 25 11 41
旺 25 15
昆 25 21 42
明 25 23 11
昌 25 25
果 25 34
贩 25 41 14
昂 25 42 13
败 25 43 45
罗 25 44
易 25 44 41
购 25 44 43
抹 31 11 34
妻 31 12 44
披 31 14 14
招 31 14 24
择 31 14 31
拨 31 21 14
直 31 23 11
拥 31 23 31
事 31 24 12
拐 31 24 32
担 31 25 11
押 31 25 21
抽 31 25 21
拔 31 32 14
势 31 32 32
拣 31 32 54
拢 31 34 41
拆 31 41 13
拍 31 41 25
拖 31 41 31
抵 31 42 32
抬 31 43 24
抱 31 44 12
拘 31 44 24
拦 31 52 11
拌 31 52 31
拉 31 55 11
限 32 12 43
坡 32 14 14
驾 32 24 45
坦 32 25 11
责 32 25 43
陕 32 34 52
者 32 41 25
表 32 42 43
降 32 44 13
幸 32 52 15
卖 32 52 34
丧 32 52 43
垃 32 55 11
其 33 11 43
茅 33 14 13
茎 33 14 15
苹 33 15 52
英 33 23 34
苗 33 25
苦 33 31 24
若 33 32 24
茄 33 32 24
茂 33 35 51
范 33 53 13
柜 34 13 12
奇 34 13 24
杯 34 13 43
刺 34 23 21
枕 34 23 42
枣 34 23 52
或 34 24 11
奋 34 25
规 34 25 42
枝 34 31 14
奔 34 31 33
林 34 34
析 34 41 13
板 34 41 14
枪 34 43 13
松 34 43 43
构 34 44 43
垄 34 51 32
述 34 51 53
态 34 51 55
杰 34 54
金 35
轰 35 14 14
知 35 24
转 35 31 51
斩 35 41 13
轮 35 43 42
钓 35 44 51
软 35 45
码 35 45 11
矿 35 51 14
所 41 12 41
欣 41 13 45
爬 41 21 12
乖 41 21 42
版 41 22 41
制 41 23 21
刮 41 24 21
的 41 25 44
迫 41 25 53
质 41 31 25
垂 41 33 32
季 41 34 15
秆 41 34 15
和 41 34 24
委 41 34 44
采 41 53 34
征 42 13 22
彼 42 14 14
径 42 14 15
侦 42 21 25
侧 42 25 21
昏 42 32 25
侍 42 32 31
佳 42 32 32
凭 42 32 44
供 42 33 43
使 42 34 24
侨 42 34 42
货 42 42 25
侄 42 43 32
佩 42 44 13
例 42 44 21
往 42 51 15
依 42 51 42
细 43 11 25
经 43 14 15
绍 43 14 24
贫 43 14 25
舍 43 15 24
组 43 23 11
命 43 24 13
织 43 24 43
到 43 32 21
练 43 32 54
参 43 34 41
线 43 34 51
爸 43 43 12
斧 43 43 41
终 43 44 52
贪 43 51 25
念 43 51 55
饲 44 11 24
妹 44 11 34
饰 44 13 23
姐 44 23 11
姑 44 31 24
贯 44 31 25
姓 44 41 32
忽 44 41 55
始 44 43 24
饱 44 44 12
备 44 51 25
驼 45 23 42
驶 45 24 43
鱼 45 31 11
虏 45 32
狐 45 41 21
兔 45 42 51
虎 45 44
狗 45 44 24
物 45 44 41
牧 45 45
驻 45 51 15
肩 51 12 23
郎 51 12 32
盲 51 13 25
庙 51 14 25
宝 51 23 15
宜 51 23 23
审 51 23 25
宙 51 23 25
闸 51 23 25
宗 51 23 55
享 51 24 15
京 51 24 54
剂 51 42 21
夜 51 42 44
刻 51 43 21
育 51 43 23
放 51 44 45
变 51 54 14
单 52 25 31
试 52 32 15
诗 52 32 31
卷 52 34 13
券 52 34 14
郑 52 34 32
诚 52 35 51
话 52 41 24
诞 52 42 14
净 52 44 12
询 52 44 25
该 52 51 43
详 52 52 15
沫 53 11 34
泥 53 12 42
沸 53 12 42
河 53 13 24
波 53 14 14
泽 53 14 31
乳 53 15 21
泼 53 21 14
沾 53 21 24
受 53 23 14
学 53 23 15
泻 53 23 21
泪 53 25
油 53 25 21
法 53 32 43
泄 53 33 21
浅 53 34 51
泊 53 41 25
治 53 43 24
泡 53 44 12
沿 53 44 24
注 53 51 15
泳 53 51 53
怪 54 14 32
尚 54 23 24
怖 54 32 23
怕 54 41 25
性 54 41 32
怜 54 43 14
炊 54 45
炉 54 51 12
炕 54 51 44
炎 54 54
炒 54 54 41
视 55 25 42
衬 55 31 51
衫 55 41 41
郊 55 43 32
耐 11 23 31
耍 11 23 44
面 11 25 11
春 11 34 25
奏 11 34 34
残 11 44 34
既 12 13 42
扁 12 23 33
眉 12 41 25
费 12 42 25
昼 12 43 25
屋 12 43 32
垦 12 43 32
退 12 43 53
政 13 22 45
要 13 24 44
歪 13 43 13
鸦 13 45 11
柔 14 13 34
盈 14 14 23
勇 14 23 32
厚 14 25 15
厘 14 25 32
庭 14 32 14
度 14 33 14
项 15 11 25
玻 15 14 14
卸 15 22 13
缸 15 22 15
珍 15 43 41
孩 15 51 43
竖 21 14 55
战 21 24 34
点 21 24 54
临 21 33 25
览 21 33 25
背 21 42 23
皆 21 42 25
炭 22 32 54
峡 22 34 52
宣 23 11 25
冠 23 11 31
骨 23 23 23
宫 23 24 24
胆 23 25 11
窃 23 31 14
宪 23 32 42
胜 23 41 32
阀 23 42 34
穿 23 43 13
室 23 43 32
突 23 43 34
胞 23 44 12
客 23 44 24
阁 23 44 24
脉 23 51 53
胖 23 52 31
哪 24 14 32
哑 24 15 52
贵 24 22 25
趴 24 22 43
响 24 23 24
品 24 24 24
咽 24 24 34
骂 24 24 45
哄 24 33 43
咱 24 41 25
哗 24 42 31
哈 24 43 24
虽 24 45
咳 24 51 43
咬 24 55 43
畏 25 13 43
是 25 13 43
贴 25 21 24
胃 25 23 11
映 25 23 34
冒 25 25
昨 25 41 13
星 25 41 32
眨 25 41 53
鬼 25 42 43
盼 25 43 14
贱 25 43 34
界 25 43 42
罚 25 52 21
显 25 54 11
思 25 55
挪 31 14 32
挖 31 23 11
挥 31 23 35
按 31 23 44
南 31 23 52
胡 31 24 23
故 31 24 45
挺 31 32 14
持 31 32 31
挂 31 32 32
垫 31 32 32
挎 31 34 13
挠 31 34 42
括 31 41 24
指 31 42 25
挑 31 42 53
拴 31 43 15
拾 31 43 24
挣 31 44 12
挤 31 51 42
拼 31 52 33
挡 31 54 12
院 32 23 11
贺 32 24 25
架 32 24 34
陡 32 32 21
帮 32 32 23
封 32 32 31
垮 32 34 13
城 32 35 51
选 32 42 53
除 32 43 15
赴 32 43 21
赵 32 43 43
险 32 43 53
毒 32 44 52
某 33 11 34
荒 33 13 42
甚 33 13 43
竿 33 15
型 33 21 32
带 33 23 23
荣 33 23 34
革 33 24 31
草 33 25 31
荐 33 32 15
巷 33 43 12
茶 33 43 34
药 33 43 44
茧 33 45
荡 33 53 11
茫 33 53 13
柿 34 13 23
树 34 14 31
柄 34 23 43
牵 34 23 45
相 34 25
查 34 25 11
枯 34 31 24
栋 34 32 54
柏 34 41 25
柳 34 42 13
柱 34 51 15
栏 34 52 11
科 34 52 31
标 34 55
研 35 11 33
矩 35 13 12
轻 35 14 15
钥 35 23 11
钢 35 23 43
钟 35 24 21
咸 35 24 51
砌 35 31 14
砖 35 31 51
类 35 34
钩 35 44 43
威 35 44 51
砍 35 45
迷 35 53
钞 35 54 41
须 41 11 25
怎 41 13 55
适 41 24 53
皇 41 25 15
重 41 25 32
复 41 25 44
泉 41 25 53
盾 41 31 25
拜 41 32 15
看 41 32 25
种 41 34 24
香 41 34 25
秋 41 34 54
秒 41 34 54
顺 42 11 25
段 42 11 44
侵 42 12 23
律 42 12 31
很 42 12 43
追 42 12 53
贸 42 14 25
俩 42 23 43
促 42 24 21
保 42 24 34
便 42 25 43
贷 42 32 25
待 42 32 31
侮 42 41 44
俗 42 43 24
俊 42 43 44
俭 42 43 53
修 42 44 41
信 42 52 24
俘 42 53 15
逃 42 53 53
食 43 12 43
盆 43 14 23
叙 43 15 14
怠 43 24 55
结 43 32 24
绑 43 32 32
绒 43 34 32
绕 43 34 42
绘 43 43 11
给 43 43 24
垒 43 43 32
绝 43 44 12
络 43 44 24
统 43 51 42
剑 43 53 21
绞 43 55 43
急 44 12 55
怨 44 13 55
怒 44 14 55
蚀 44 21 45
殃 44 23 34
姻 44 24 34
娃 44 32 32
姥 44 32 42
姨 44 34 12
娇 44 34 42
饶 44 34 42
饼 44 52 33
饺 44 55 43
狠 45 12 43
虾 45 13 51
虹 45 15
狮 45 21 13
骄 45 34 42
狭 45 34 52
牲 45 41 32
勉 45 42 32
骆 45 44 24
独 45 45
蚂 45 45 11
蚁 45 51 43
狱 45 52 34
狡 45 55 43
闻 51 23 15
亭 51 24 23
亮 51 24 23
哀 51 24 42
施 51 41 31
弯 51 54 12
迹 51 54 53
首 52 11 25
剃 52 12 21
语 52 13 24
诵 52 14 23
差 52 15 15
美 52 15 34
姜 52 15 44
逆 52 22 53
前 52 23 21
误 52 24 34
总 52 24 55
叛 52 32 41
诱 52 34 14
养 52 34 42
送 52 34 53
将 52 44 31
奖 52 44 34
姿 52 45 44
说 52 52 24
津 53 12 31
洞 53 23 24
觉 53 23 25
浑 53 23 35
浓 53 23 42
测 53 25 21
洁 53 32 24
染 53 32 34
洗 53 32 42
洪 53 33 43
浇 53 34 42
活 53 41 24
派 53 41 42
洒 53 42 24
洽 53 43 24
举 53 43 31
浊 53 45
济 53 51 42
洋 53 52 15
洲 53 53 42
恒 54 11 25
尝 54 11 43
恨 54 12 43
削 54 23 21
恢 54 32 54
炼 54 32 54
炸 54 41 13
省 54 41 25
恰 54 43 24
炮 54 44 12
恼 54 51 43
烂 54 52 11
音 55 11 25
疤 55 12 21
亲 55 15 43
祖 55 23 11
帝 55 23 23
祝 55 24 42
神 55 25 21
袄 55 41 34
疮 55 43 13
疫 55 44 14
疯 55 44 43
夏 11 25 44
耕 11 34 33
蚕 11 34 45
泰 11 34 53
顽 11 42 11
逐 11 45 53
扇 12 12 12
剧 12 31 21
展 12 33 13
恳 12 43 55
弱 12 52 12
剥 12 53 21
屑 12 54 23
匪 13 21 21
哥 13 24 13
栗 13 24 34
唐 14 12 24
预 14 13 11
顾 14 13 11
唇 14 13 24
辱 14 13 31
桑 14 14 34
通 14 23 53
原 14 25 54
席 14 33 23
难 14 42 15
座 14 43 32
耻 15 21 22
缺 15 22 12
耽 15 23 42
班 15 41 15
珠 15 41 34
恐 15 44 55
晋 15 52 25
恶 15 52 55
紧 21 14 43
桌 21 25 34
监 21 33 23
毙 21 42 44
柴 22 42 34
峰 22 44 31
脏 23 14 32
宴 23 25 44
害 23 31 24
宽 23 33 25
脂 23 42 25
宾 23 42 43
窄 23 43 13
舱 23 43 13
容 23 43 24
脆 23 44 13
胳 23 44 24
案 23 44 34
胸 23 44 43
冤 23 45 42
脑 23 51 43
航 23 51 44
阅 23 52 24
舰 23 52 25
般 23 52 44
宵 23 54 23
宰 23 55 15
胶 23 55 43
圆 24 24 25
哭 24 24 34
啊 24 32 13
恩 24 34 55
唉 24 43 35
唤 24 44 23
逗 24 52 53
哨 24 54 23
眠 25 12 32
晌 25 23 24
晕 25 23 35
贿 25 32 23
罢 25 32 43
贼 25 34 32
晓 25 34 42
晒 25 42 24
鸭 25 45 11
晃 25 54 42
翅 31 14 12
振 31 14 13
顿 31 22 11
真 31 23 43
索 31 23 43
捉 31 24 21
捐 31 24 23
损 31 24 25
捆 31 24 34
捏 31 25 32
捕 31 31 23
热 31 32 54
捞 31 33 23
哲 31 41 24
逝 31 41 53
挨 31 43 35
捡 31 43 53
艳 31 44 12
换 31 44 23
挽 31 45 42
捎 31 54 23
盐 32 21 23
壶 32 23 54
造 32 24 53
都 32 25 32
埋 32 25 32
陵 32 32 44
栽 32 34 34
载 32 35 34
起 32 43 12
赶 32 43 15
素 32 43 54
陶 32 44 15
陷 32 44 45
陪 32 55 24
笋 33 12 32
莫 33 25 34
莲 33 35 53
笔 33 41 31
笑 33 41 34
荷 33 42 13
恭 33 43 54
获 33 45 34
根 34 12 43
框 34 13 15
套 34 13 43
透 34 14 53
秤 34 15 52
乘 34 21 42
桐 34 23 24
秧 34 23 34
积 34 24 43
速 34 24 53
桂 34 32 32
桥 34 34 42
耗 34 41 31
株 34 41 34
秩 34 41 34
桃 34 42 53
格 34 44 24
称 34 44 54
盏 34 51 23
核 34 51 43
样 34 52 15
档 34 54 12
校 34 55 43
破 35 14 14
钻 35 21 24
础 35 22 22
钳 35 33 11
轿 35 34 42
钱 35 34 51
铁 35 41 34
铃 35 43 14
粉 35 43 14
铅 35 44 24
料 35 52 31
较 35 55 43
躬 41 23 12
射 41 23 31
敌 41 24 45
臭 41 25 34
息 41 25 55
租 41 34 23
秘 41 34 55
氧 41 52 15
健 42 12 14
候 42 12 35
留 42 14 25
俯 42 14 42
倾 42 21 11
俱 42 23 43
配 42 25 12
倡 42 25 25
值 42 31 23
徒 42 32 21
债 42 32 25
借 42 33 25
倚 42 34 13
徐 42 43 15
倒 42 43 21
倦 42 52 13
倘 42 54 23
倍 42 55 24
途 43 15 53
能 43 23 42
绢 43 24 23
拿 43 24 41
致 43 32 45
绣 43 34 14
继 43 35 21
颂 43 43 11
翁 43 43 12
爹 43 43 44
皱 44 12 14
娘 44 12 43
烈 44 21 54
娱 44 24 34
逢 44 31 53
饿 44 41 34
殊 44 41 34
狼 45 12 43
狸 45 25 32
特 45 32 31
牺 45 42 24
验 45 43 53
蚊 45 51 43
虑 45 55
朗 51 12 23
家 51 23 45
高 51 24 23
衰 51 24 42
旅 51 41 42
离 51 43 23
畜 51 43 25
恋 51 54 55
递 52 12 53
兼 52 12 54
羞 52 15 32
谊 52 23 23
调 52 23 32
课 52 25 34
请 52 32 23
诸 52 32 25
读 52 32 52
瓶 52 33 44
拳 52 34 41
谁 52 42 15
准 52 42 15
益 52 43 23
桨 52 44 34
浆 52 44 53
资 52 45 25
凉 52 51 24
谅 52 51 24
谈 52 54 54
烫 53 11 54
浸 53 12 23
涨 53 12 41
浪 53 12 43
涌 53 14 23
涉 53 22 53
润 53 23 15
爱 53 23 32
浙 53 31 41
浩 53 32 24
涛 53 32 31
涝 53 33 23
海 53 41 44
酒 53 42 25
涂 53 43 15
脊 53 43 23
浴 53 43 24
流 53 51 42
浮 53 53 15
消 53 54 23
烦 54 11 25
悟 54 13 24
烟 54 24 34
党 54 24 42
烤 54 32 21
烘 54 33 43
烧 54 34 42
悔 54 41 44
烛 54 45
悦 54 52 24
悄 54 54 23
袜 55 11 34
症 55 13 22
疲 55 14 14
被 55 14 14
站 55 21 24
病 55 23 43
旁 55 23 51
剖 55 24 21
部 55 24 32
竞 55 24 42
袖 55 25 21
疾 55 35
效 55 43 45
袍 55 44 12
疼 55 44 52
祥 55 52 15
敢 11 15 45
屠 12 32 25
弹 12 52 25
逮 12 53 53
望 13 23 15
票 13 24 55
蛋 13 43 45
雪 13 53 12
庸 14 12 23
廊 14 12 32
康 14 12 53
颈 14 15 11
麻 14 34 34
职 15 24 43
理 15 25 32
球 15 31 53
崖 22 14 32
崇 22 23 55
崭 22 35 41
寇 23 11 21
窑 23 15 22
脖 23 31 15
脚 23 32 13
寄 23 34 13
宿 23 42 11
脸 23 43 53
悬 23 43 55
船 23 44 24
盘 23 52 23
脱 23 52 24
密 23 55 22
啄 24 11 45
距 24 13 12
跃 24 22 34
患 24 24 55
副 24 25 21
唱 24 25 25
啦 24 31 55
唯 24 42 15
圈 24 52 13
眼 25 12 43
匙 25 13 42
晨 25 14 13
野 25 32 14
眯 25 35
累 25 43 54
睁 25 44 12
略 25 44 24
晚 25 45 42
掘 31 12 22
据 31 12 31
排 31 21 21
掉 31 21 25
控 31 23 15
探 31 23 34
捷 31 31 12
描 31 33 25
掩 31 34 25
捧 31 34 31
掀 31 41 45
推 31 42 15
掏 31 44 15
掠 31 51 24
授 31 53 14
救 31 53 45
接 31 55 44
教 32 15 45
堵 32 32 25
随 32 32 53
域 32 34 24
堆 32 42 15
隆 32 44 41
隐 32 44 55
培 32 55 24
第 33 12 21
营 33 23 24
勒 33 24 32
菌 33 24 34
笛 33 25 21
萌 33 25 23
黄 33 25 43
萝 33 25 44
著 33 32 25
笨 33 34 11
笼 33 34 51
符 33 42 31
基 33 43 32
萄 33 44 15
菊 33 44 35
菠 33 53 14
萍 33 53 15
菜 33 53 34
桶 34 14 23
梨 34 21 34
犁 34 21 45
械 34 34 33
梦 34 34 44
梅 34 41 44
爽 34 43 43
检 34 43 53
移 34 44 44
聋 34 51 15
袭 34 51 42
梳 34 51 42
梯 34 52 12
梢 34 54 23
银 35 12 43
粘 35 21 24
断 35 21 41
戚 35 22 54
粗 35 23 11
铜 35 23 24
辆 35 23 43
辅 35 31 23
盛 35 51 23
粒 35 55 11
铲 35 55 14
甜 41 24 33
悉 41 35 55
敏 41 44 45
假 42 12 12
偏 42 12 23
售 42 15 24
得 42 25 15
偶 42 25 23
做 42 31 45
袋 42 32 51
衔 42 35 13
偷 42 43 23
您 42 44 55
悠 42 45 55
停 42 51 23
偿 42 54 11
绿 43 12 53
领 43 14 11
斜 43 15 52
绸 43 23 32
盒 43 24 23
绳 43 24 25
鸽 43 24 45
欲 43 24 45
绵 43 25 23
绩 43 32 25
绪 43 32 25
续 43 32 52
维 43 42 15
馆 44 23 12
婶 44 23 25
够 44 24 44
婚 44 42 25
馅 44 44 45
猛 45 15 23
鹿 45 21 42
蛇 45 23 42
猜 45 32 23
猪 45 32 25
猎 45 33 25
猫 45 33 25
骑 45 34 13
象 45 45
虚 45 54 11
毫 51 24 23
旋 51 41 13
族 51 41 35
率 51 43 31
盖 52 15 23
着 52 15 25
剪 52 23 14
兽 52 25 24
谎 52 33 13
谋 52 33 34
凑 52 34 34
减 52 35 24
谜 52 35 53
盗 52 45 23
渠 53 13 34
梁 53 14 34
婆 53 14 44
深 53 23 34
混 53 25 21
清 53 32 23
淹 53 34 25
淋 53 34 34
彩 53 34 41
添 53 34 54
渐 53 35 41
渗 53 43 34
淘 53 44 15
渔 53 45 11
液 53 51 42
淡 53 54 54
悼 54 21 25
惧 54 23 43
常 54 24 23
堂 54 24 32
惕 54 25 44
情 54 32 23
惜 54 33 25
惭 54 35 41
雀 54 42 15
惨 54 43 34
惯 54 44 25
惊 54 51 24
痕 55 12 43
商 55 23 43
祸 55 24 23
章 55 25 31
竟 55 25 42
痒 55 52 15
遍 12 23 53
强 12 24 45
粥 12 35 12
屡 12 35 44
属 12 45 23
雅 13 42 15
疏 13 51 42
厦 14 11 44
厨 14 24 31
雁 14 42 42
登 14 43 24
琴 15 15 43
斑 15 51 15
联 15 52 34
辈 21 21 35
悲 21 21 55
紫 22 42 43
腔 23 23 15
窝 23 24 23
富 23 24 25
幅 23 24 25
窗 23 24 44
帽 23 25 25
脾 23 25 31
割 23 31 21
艇 23 32 14
腊 23 33 25
寒 23 33 52
奥 23 35 34
窜 23 43 24
阔 23 53 41
喘 24 22 11
践 24 22 34
喂 24 25 13
喝 24 25 44
遗 24 25 53
逼 24 25 53
喷 24 31 25
黑 24 32 54
喇 24 34 21
喊 24 35 24
跌 24 41 34
喉 24 42 12
跑 24 44 12
量 25 11 25
最 25 15 14
遇 25 23 53
晶 25 25 25
晴 25 32 23
暑 25 32 25
赌 25 32 25
景 25 51 24
赔 25 55 24
握 31 12 43
揉 31 14 34
搁 31 23 44
辜 31 24 55
提 31 25 13
朝 31 25 23
揭 31 25 44
惠 31 25 55
博 31 31 31
搭 31 33 43
揪 31 34 54
搂 31 35 44
插 31 41 45
搜 31 45 14
援 31 53 15
搅 31 53 25
超 32 14 24
隔 32 24 23
喜 32 24 52
堤 32 25 13
煮 32 25 54
堪 32 33 13
塔 32 33 43
越 32 43 35
趁 32 43 41
雄 32 43 42
趋 32 44 12
裁 32 51 34
隙 32 54 25
款 32 55 45
筐 33 13 15
葵 33 14 34
筑 33 15 44
筛 33 21 13
筒 33 23 24
筋 33 23 32
散 33 23 45
葛 33 25 44
等 33 32 31
惹 33 32 55
策 33 34 23
董 33 41 25
期 33 43 23
答 33 43 24
斯 33 43 41
欺 33 43 45
筝 33 44 12
葡 33 44 31
葬 33 44 33
敬 33 44 45
葱 33 44 55
落 33 53 44
剩 34 21 21
椒 34 22 14
棚 34 23 23
棕 34 23 55
程 34 24 15
惑 34 24 55
棍 34 25 21
棉 34 25 23
棵 34 25 34
植 34 31 23
棋 34 33 43
椅 34 34 13
替 34 34 25
棒 34 34 31
森 34 34 34
稀 34 43 32
税 34 52 24
稍 34 54 23
释 35 14 31
锄 35 23 32
锅 35 24 23
智 35 24 25
短 35 24 52
硬 35 25 43
铺 35 31 23
铸 35 32 31
粪 35 33 43
锈 35 34 14
链 35 35 53
暂 35 41 25
确 35 44 23
锋 35 44 31
锐 35 52 24
销 35 54 23
锁 35 54 25
牌 41 25 31
鹅 41 34 45
番 41 35 25
毯 41 54 54
惩 42 13 55
御 42 15 13
集 42 15 34
焦 42 15 54
堡 42 24 32
傅 42 31 31
街 42 32 13
傲 42 32 45
循 42 41 31
储 42 52 32
傍 42 55 51
编 43 12 23
舒 43 15 14
缎 43 42 44
缘 43 44 45
禽 43 51 23
缓 43 53 15
裂 44 21 51
絮 44 24 43
殖 44 31 23
然 44 34 54
嫂 44 45 14
馋 44 45 52
鲁 45 11 25
骗 45 12 23
猾 45 23 23
蜓 45 32 14
蛙 45 32 32
蛛 45 41 34
猴 45 42 12
就 51 54 34
蛮 51 54 45
善 52 15 24
普 52 15 25
羡 52 15 52
谢 52 23 31
曾 52 25 25
道 52 25 53
装 52 32 51
尊 52 42 31
谦 52 52 12
谣 52 53 15
溉 53 12 13
渡 53 14 33
滑 53 23 23
温 53 25 23
渴 53 25 44
湿 53 25 54
湖 53 31 23
港 53 33 12
渣 53 34 25
湾 53 51 12
游 53 51 41
滋 53 52 43
慨 54 12 13
辉 54 23 35
赏 54 24 25
掌 54 24 41
敞 54 24 45
愧 54 25 42
愤 54 31 25
惰 54 32 23
慌 54 33 13
愉 54 43 23
焰 54 44 45
裙 55 12 24
痛 55 14 23
裤 55 14 35
童 55 25 32
裕 55 43 24
魂 11 43 25
群 12 24 52
辟 12 24 55
殿 12 33 44
肆 13 43 12
雹 13 44 12
雾 13 44 32
雷 13 53 25
零 13 53 43
叠 14 23 23
廉 14 52 12
瑞 15 22 11
鉴 21 33 35
督 22 14 25
龄 22 43 43
腿 23 12 53
腰 23 13 44
腥 23 25 41
塞 23 33 32
腹 23 41 25
躲 23 44 34
腾 23 52 45
跟 24 12 43
遣 24 12 53
嗓 24 14 34
鄙 24 31 32
跨 24 34 13
跳 24 42 53
跪 24 44 13
路 24 44 24
照 25 14 54
罪 25 21 21
罩 25 21 25
盟 25 23 23
愚 25 23 55
置 25 31 23
睛 25 32 23
睡 25 41 33
歇 25 44 45
暖 25 53 15
睬 25 53 34
暗 25 55 25
摊 31 14 42
摄 31 15 14
搬 31 23 44
摆 31 25 32
搏 31 31 31
摸 31 33 25
携 31 42 14
搞 31 51 23
献 31 52 34
摇 31 53 15
塘 32 14 12
塌 32 25 12
填 32 31 23
鼓 32 52 31
障 32 55 25
蒸 33 13 54
蓝 33 21 23
蒙 33 23 11
简 33 23 25
勤 33 24 32
墓 33 25 34
幕 33 25 34
鹊 33 25 45
筹 33 32 31
签 33 43 53
蓬 33 44 53
蓄 33 51 25
蒜 33 55 55
概 34 12 13
稠 34 23 32
赖 34 24 44
槐 34 25 42
想 34 25 55
楚 34 34 13
禁 34 34 55
楼 34 35 44
榆 34 43 23
愁 34 54 55
键 35 12 14
锯 35 12 31
粮 35 12 43
碌 35 12 53
碗 35 23 44
感 35 24 55
碍 35 25 15
锦 35 25 23
碑 35 25 31
锡 35 25 44
锣 35 25 44
错 35 33 25
矮 35 34 44
锤 35 41 33
输 35 43 23
数 35 44 45
碎 35 51 31
碰 35 52 15
辞 41 24 55
催 42 22 42
微 42 22 45
傻 42 24 44
像 42 45 45
酬 42 53 42
缠 43 14 25
愈 43 23 55
缝 43 44 53
解 44 23 14
嫁 44 23 45
触 44 23 45
嫌 44 52 12
毁 45 15 44
鼠 45 21 53
舅 45 25 32
蛾 45 41 34
蜂 45 44 31
塑 52 23 32
煎 52 23 54
谨 52 33 24
慈 52 43 55
酱 52 44 42
源 53 14 25
粱 53 14 35
滩 53 14 42
遥 53 15 53
滥 53 21 23
滨 53 23 42
满 53 33 23
漠 53 33 25
溜 53 42 25
誉 53 43 52
滤 53 45 55
溪 53 53 43
滔 53 53 45
滚 53 55 43
煌 54 25 15
慎 54 31 23
煤 54 33 34
新 55 15 41
福 55 24 25
韵 55 25 44
意 55 25 55
痰 55 54 54
翠 12 12 51
歌 13 13 45
需 13 53 11
凳 14 24 44
愿 14 25 55
遮 14 33 53
腐 14 42 23
聚 15 14 45
碧 15 25 35
舞 15 44 13
璃 15 51 23
膊 23 31 31
膜 23 33 25
赛 23 33 25
寨 23 33 34
察 23 44 55
蜜 23 55 45
膀 23 55 51
嗽 24 34 45
鼻 25 25 42
魄 25 25 42
颗 25 34 11
赚 25 52 12
摧 31 22 42
誓 31 41 52
摔 31 51 43
撇 31 52 45
摘 31 55 31
静 32 23 44
墙 32 32 24
截 32 42 34
嘉 32 52 32
境 32 55 25
管 33 23 12
算 33 25 33
慕 33 25 34
暮 33 25 34
蔑 33 25 35
箩 33 25 44
遭 33 25 53
蔽 33 52 45
榨 34 23 13
模 34 33 25
榴 34 42 25
稳 34 44 55
榜 34 55 51
精 35 32 23
锹 35 34 54
锻 35 42 44
磁 35 52 43
酿 42 12 43
酷 42 32 24
僚 42 34 25
疑 42 35 14
酸 42 43 44
缩 43 23 42
熊 43 42 54
馒 44 25 25
嫩 44 34 45
蝇 45 24 25
貌 45 25 42
骡 45 25 43
蜻 45 32 23
蜡 45 33 25
蜘 45 35 24
鲜 45 52 15
敲 51 23 21
膏 51 23 23
豪 51 24 23
裹 51 25 42
旗 51 41 33
歉 52 12 45
弊 52 45 33
谱 52 52 25
漏 53 12 13
漂 53 13 55
演 53 23 13
漫 53 25 25
漆 53 34 53
滴 53 55 31
熔 54 23 43
裳 54 24 51
慢 54 25 25
熄 54 25 55
辣 55 15 34
端 55 22 11
竭 55 25 44
瘦 55 45 14
慰 12 31 55
劈 12 55 14
震 13 14 13
霉 13 41 44
飘 13 55 44
摩 14 34 41
聪 15 52 55
膝 23 34 53
额 23 44 11
艘 23 45 14
躺 23 54 23
膛 23 54 24
嘱 24 12 45
踪 24 23 55
踢 24 25 44
踏 24 53 25
踩 24 53 34
墨 24 54 32
题 25 13 11
瞎 25 23 31
瞒 25 33 23
暴 25 33 53
影 25 51 41
慧 31 12 55
撕 31 33 41
撒 31 33 45
播 31 35 25
撤 31 51 45
撑 31 54 24
撞 31 55 25
趣 32 15 14
靠 32 24 21
增 32 52 25
趟 32 54 23
篇 33 12 23
蔬 33 13 51
鞋 33 24 32
箱 33 34 25
蕉 33 42 54
箭 33 52 23
稼 34 23 45
樱 34 25 44
横 34 33 25
槽 34 33 25
黎 34 44 43
橡 34 45 45
稿 34 51 23
稻 34 53 45
镇 35 31 23
糊 35 31 23
僻 42 12 55
僵 42 25 25
德 42 31 55
醋 42 33 25
醉 42 51 31
蝴 45 31 23
蝶 45 33 34
熟 51 32 54
遵 52 31 53
潮 53 31 23
潜 53 34 25
懂 54 33 41
颜 55 41 11
毅 55 45 44
壁 12 55 32
避 12 55 53
磨 14 34 35
餐 21 14 43
膨 23 32 41
雕 23 32 42
嘴 24 22 44
融 24 23 45
器 24 34 24
默 24 54 34
蹄 24 55 23
邀 25 45 53
赠 25 52 25
颠 31 23 11
操 31 24 34
赞 32 32 25
篮 33 21 23
燕 33 21 54
薯 33 25 32
薄 33 53 31
薪 33 55 41
橘 34 14 23
整 34 45 13
糖 35 14 12
糕 35 52 15
镜 35 55 25
醒 42 25 41
衡 42 45 13
缴 43 25 45
凝 52 42 14
澡 53 24 34
激 53 25 45
懒 54 34 44
燃 54 44 54
辨 55 41 55
辩 55 52 55
翼 12 25 33
臂 12 55 23
霞 13 12 12
赢 13 23 25
霜 13 34 25
蹈 24 53 45
瞧 25 42 54
擦 31 23 44
戴 32 25 33
藏 33 35 13
鞠 33 44 35
穗 34 31 55
糠 35 14 12
糟 35 33 25
繁 41 45 43
骤 45 15 45
螺 45 25 43
燥 54 24 34
辫 55 43 55
覆 13 42 41
鹰 14 42 45
蹦 24 22 23
鞭 33 42 25
镰 35 14 52
翻 35 25 12
疆 12 25 25
蹲 24 52 31
警 33 45 52
攀 34 34 41
颤 51 25 11
爆 54 25 33
瓣 55 41 55
魔 14 34 25
躁 24 24 34
嚷 24 51 33
嚼 24 53 12
壤 32 51 33
籍 33 34 33
灌 53 33 42
耀 54 12 42
露 13 24 44
霸 13 33 23
蠢 34 25 45
囊 31 24 33
罐 15 33 42
